255 0 0 0
0 0 0 127
1 99 173 95
2 52 72 40
3 10 87 6
4 16 59 17
5 64 112 32
6 80 96 48
7 7 154 0
8 12 172 0
9 124 156 0
10 80 80 64
11 64 80 80
12 112 112 64
13 64 64 16
14 255 186 0
15 112 80 96
16 132 132 132
17 112 112 96
18 64 64 57
19 192 192 192
20 224 224 224
21 112 112 32
22 253 157 24
23 238 224 192
24 255 224 160
25 255 208 144
26 128 64 0
27 59 29 10
28 84 65 65
29 170 153 153
30 182 170 191
31 51 102 153
32 10 59 59
33 203 99 81
34 121 32 32
35 59 10 10
36 192 176 80
37 153 204 0
38 240 240 187
39 255 163 255
40 170 48 208
41 117 53 144
42 102 32 137